0,0,300.00,false,David
1,0,300.00,true
2,0,300.00,true
3,0,300.00,true
4,0,300.00,true
5,0,300.00,true
0,1,300.00,false,David
1,1,300.00,true
2,1,300.00,true
3,1,300.00,true
4,1,300.00,true
5,1,300.00,true
0,2,300.00,true
1,2,300.00,true
2,2,300.00,true
3,2,300.00,false,chalk
4,2,300.00,true
5,2,300.00,true
0,3,300.00,true
1,3,300.00,true
2,3,300.00,true
3,3,300.00,true
4,3,300.00,true
5,3,300.00,true
0,4,300.00,true
1,4,300.00,false,test
2,4,300.00,true
3,4,300.00,true
4,4,300.00,true
5,4,300.00,true
0,5,300.00,true
1,5,300.00,false,test2
2,5,300.00,true
3,5,300.00,true
4,5,300.00,true
5,5,300.00,true
